0.597486 	0.364707 	0.05 	0 	0 	0
0.593802 	0.370742 	0.05 	0.0324725 	0.0194106 	2.13795e-19
0.590118 	0.376777 	0.05 	0.0634499 	0.0383973 	2.16483e-19
0.586434 	0.382812 	0.05 	0.093655 	0.0572281 	7.10674e-20
0.58275 	0.388848 	0.05 	0.12284 	0.0754296 	-1.48989e-19
0.579066 	0.394883 	0.05 	0.151035 	0.0929284 	-2.237e-19
0.575382 	0.400918 	0.05 	0.17772 	0.109469 	-1.4959e-19
0.571698 	0.406953 	0.05 	0.205104 	0.126446 	-1.8567e-20
0.568014 	0.412988 	0.05 	0.230652 	0.142338 	-2.26516e-21
0.56433 	0.419024 	0.05 	0.255374 	0.157741 	-6.06611e-20
0.560646 	0.425059 	0.05 	0.279287 	0.17265 	-2.35868e-19
0.556963 	0.431094 	0.05 	0.302305 	0.18701 	-2.70843e-19
0.553279 	0.437129 	0.05 	0.324211 	0.200692 	-1.09798e-19
0.549595 	0.443164 	0.05 	0.34562 	0.214069 	8.72324e-20
0.545911 	0.4492 	0.05 	0.366455 	0.227094 	3.26003e-19
0.542227 	0.455235 	0.05 	0.385025 	0.238649 	2.50363e-19
0.538543 	0.46127 	0.05 	0.403649 	0.25024 	1.25801e-19
0.534859 	0.467305 	0.05 	0.421962 	0.261639 	-3.75664e-20
0.531175 	0.47334 	0.05 	0.4392 	0.272336 	-1.8657e-19
0.527491 	0.479376 	0.05 	0.454577 	0.281767 	-1.75721e-19
0.523807 	0.485411 	0.05 	0.469613 	0.290988 	-1.16938e-19
0.520124 	0.491446 	0.05 	0.484885 	0.300352 	7.92183e-20
0.51644 	0.497481 	0.05 	0.498845 	0.308833 	2.90665e-19
0.512756 	0.503517 	0.05 	0.511271 	0.316211 	2.87172e-19
0.509072 	0.509552 	0.05 	0.523014 	0.323168 	1.0679e-19
0.505388 	0.515587 	0.05 	0.535218 	0.330396 	-1.13636e-19
0.501704 	0.521622 	0.05 	0.546584 	0.33707 	-7.20068e-20
0.49802 	0.527657 	0.05 	0.556136 	0.342372 	-7.71284e-21
0.494336 	0.533693 	0.05 	0.565214 	0.347386 	-1.2713e-19
0.490652 	0.539728 	0.05 	0.574239 	0.352359 	-3.01815e-19
0.486968 	0.545763 	0.05 	0.5833 	0.35733 	-3.76985e-19
0.483284 	0.551798 	0.05 	0.590895 	0.361202 	-2.17397e-19
0.479601 	0.557833 	0.05 	0.597762 	0.364516 	-9.53896e-21
0.475917 	0.563869 	0.05 	0.604201 	0.367577 	-1.90119e-21
0.472233 	0.569904 	0.05 	0.610903 	0.370759 	4.95001e-20
0.468549 	0.575939 	0.05 	0.617262 	0.373724 	2.15058e-19
0.464865 	0.581974 	0.05 	0.622331 	0.375645 	2.73966e-19
0.461181 	0.588009 	0.05 	0.627011 	0.377299 	2.32788e-19
0.457497 	0.594045 	0.05 	0.631547 	0.37886 	9.68496e-20
0.453813 	0.60008 	0.05 	0.636253 	0.380468 	-7.38866e-20
0.450129 	0.606115 	0.05 	0.640608 	0.38188 	-2.3787e-19
0.446445 	0.61215 	0.05 	0.644188 	0.382633 	-2.56757e-19
0.442761 	0.618185 	0.05 	0.647337 	0.383091 	-2.63282e-19
0.439078 	0.624221 	0.05 	0.650527 	0.383521 	-2.05255e-19
0.435394 	0.630256 	0.05 	0.653724 	0.383934 	-1.03674e-19
0.43171 	0.636291 	0.05 	0.656697 	0.384239 	3.50969e-20
0.428026 	0.642326 	0.05 	0.659461 	0.384363 	1.7157e-19
0.424342 	0.648362 	0.05 	0.661667 	0.384046 	1.43911e-19
0.420658 	0.654397 	0.05 	0.66394 	0.383698 	5.38211e-20
0.416974 	0.660432 	0.05 	0.666181 	0.383339 	-1.92261e-20
0.41329 	0.666467 	0.05 	0.668263 	0.382926 	-8.21819e-21
0.409606 	0.672502 	0.05 	0.670342 	0.382514 	1.16283e-21
0.405922 	0.678538 	0.05 	0.672223 	0.381906 	2.01488e-20
0.402239 	0.684573 	0.05 	0.673907 	0.381116 	5.97527e-20
0.398555 	0.690608 	0.05 	0.675589 	0.380325 	9.93425e-20
0.394871 	0.696643 	0.05 	0.677135 	0.379519 	1.37126e-19
0.391187 	0.702678 	0.05 	0.678699 	0.378708 	1.67884e-19
0.387503 	0.708714 	0.05 	0.680336 	0.377863 	1.8578e-19
0.383819 	0.714749 	0.05 	0.681838 	0.376967 	2.29089e-19
0.380135 	0.720784 	0.05 	0.683215 	0.375968 	1.92488e-19
0.376451 	0.726819 	0.05 	0.684519 	0.374978 	1.57168e-19
0.372767 	0.732854 	0.05 	0.685872 	0.373968 	8.95454e-20
0.369083 	0.73889 	0.05 	0.687274 	0.372942 	-1.9733e-21
0.365399 	0.744925 	0.05 	0.688582 	0.371931 	-1.6783e-19
0.361716 	0.75096 	0.05 	0.68989 	0.370919 	-3.33687e-19
0.358032 	0.756995 	0.05 	0.69113 	0.369881 	-3.85218e-19
0.354348 	0.76303 	0.05 	0.692401 	0.368807 	-2.64596e-19
0.350664 	0.769066 	0.05 	0.693645 	0.367735 	-1.36464e-19
0.34698 	0.775101 	0.05 	0.69484 	0.366681 	-3.30847e-20
0.343296 	0.781136 	0.05 	0.696001 	0.36564 	5.2202e-20
0.339612 	0.787171 	0.05 	0.697234 	0.364575 	1.38401e-19
0.335928 	0.793206 	0.05 	0.698461 	0.363518 	1.91167e-19
0.332244 	0.799242 	0.05 	0.699652 	0.362467 	1.8717e-19
0.32856 	0.805277 	0.05 	0.700827 	0.361417 	1.43807e-19
0.324876 	0.811312 	0.05 	0.701931 	0.3604 	7.22638e-20
0.321193 	0.817347 	0.05 	0.70316 	0.359349 	4.01828e-20
0.317509 	0.823383 	0.05 	0.704377 	0.358303 	1.42491e-20
0.313825 	0.829418 	0.05 	0.705533 	0.357289 	1.76496e-20
0.310141 	0.835453 	0.05 	0.706679 	0.356274 	1.86312e-20
0.306457 	0.841488 	0.05 	0.707845 	0.355251 	1.46114e-21
0.302773 	0.847523 	0.05 	0.709001 	0.354253 	0
0.299089 	0.853559 	0.05 	0.710156 	0.353255 	0
0.295405 	0.859594 	0.05 	0.711279 	0.352273 	0
0.291721 	0.865629 	0.05 	0.71236 	0.351313 	0
0.288037 	0.871664 	0.05 	0.713571 	0.350322 	-2.02824e-20
0.284354 	0.877699 	0.05 	0.714746 	0.34935 	-5.65539e-20
0.28067 	0.883735 	0.05 	0.715888 	0.348397 	-1.07055e-19
0.276986 	0.88977 	0.05 	0.71703 	0.347444 	-1.57557e-19
0.273302 	0.895805 	0.05 	0.718167 	0.346514 	-1.38961e-19
0.269618 	0.90184 	0.05 	0.719305 	0.345583 	-6.9537e-20
0.265934 	0.907875 	0.05 	0.720443 	0.344652 	-1.1256e-22
0.26225 	0.913911 	0.05 	0.721535 	0.343745 	1.56177e-20
0.258566 	0.919946 	0.05 	0.7226 	0.342851 	9.30229e-22
0.254882 	0.925981 	0.05 	0.723789 	0.341933 	0
0.251198 	0.932016 	0.05 	0.72494 	0.341038 	0
0.247514 	0.938051 	0.05 	0.726067 	0.340156 	0
0.243831 	0.944087 	0.05 	0.727191 	0.339276 	-7.95613e-22
0.240147 	0.950122 	0.05 	0.728294 	0.338421 	-1.83202e-20
0.236463 	0.956157 	0.05 	0.729419 	0.337562 	-2.16287e-20
0.232779 	0.962192 	0.05 	0.730534 	0.336701 	-1.97949e-20
