0.000000 0.000000
0.000036 0.032473
0.000142 0.063450
0.000321 0.093655
0.000571 0.122840
0.000892 0.151035
0.001284 0.177720
0.001747 0.205104
0.002281 0.230652
0.002886 0.255374
0.003561 0.279287
0.004308 0.302305
0.005123 0.324211
0.006009 0.345620
0.006964 0.366455
0.007989 0.385025
0.009082 0.403649
0.010245 0.421962
0.011475 0.439200
0.012774 0.454577
0.014141 0.469613
0.015575 0.484885
0.017075 0.498845
0.018643 0.511271
0.020276 0.523014
0.021974 0.535218
0.023737 0.546584
0.025565 0.556136
0.027458 0.565214
0.029414 0.574239
0.031433 0.583300
0.033515 0.590895
0.035659 0.597762
0.037865 0.604201
0.040131 0.610903
0.042457 0.617262
0.044844 0.622331
0.047290 0.627011
0.049795 0.631547
0.052357 0.636253
0.054977 0.640608
0.057654 0.644188
0.060388 0.647337
0.063178 0.650527
0.066022 0.653724
0.068921 0.656697
0.071873 0.659461
0.074880 0.661667
0.077938 0.663940
0.081049 0.666181
0.084210 0.668263
0.087423 0.670342
0.090687 0.672223
0.094000 0.673907
0.097361 0.675589
0.100771 0.677135
0.104228 0.678699
0.107733 0.680336
0.111284 0.681838
0.114881 0.683215
0.118523 0.684519
0.122210 0.685872
0.125942 0.687274
0.129716 0.688582
0.133534 0.689890
0.137393 0.691130
0.141294 0.692401
0.145238 0.693645
0.149221 0.694840
0.153244 0.696001
0.157306 0.697234
0.161407 0.698461
0.165548 0.699652
0.169725 0.700827
0.173940 0.701931
0.178191 0.703160
0.182480 0.704377
0.186803 0.705533
0.191161 0.706679
0.195554 0.707845
0.199981 0.709001
0.204443 0.710156
0.208936 0.711279
0.213463 0.712360
0.218021 0.713571
0.222611 0.714746
0.227234 0.715888
0.231886 0.717030
0.236568 0.718167
0.241280 0.719305
0.246022 0.720443
0.250793 0.721535
0.255592 0.722600
0.260419 0.723789
0.265274 0.724940
0.270156 0.726067
0.275066 0.727191
0.280001 0.728294
0.284962 0.729419
0.289949 0.730534
