0.000000 0.276976
0.000036 0.277834
0.000142 0.278101
0.000321 0.277985
0.000571 0.277895
0.000892 0.277869
0.001284 0.277895
0.001747 0.277907
0.002281 0.277921
0.002886 0.277934
0.003561 0.277967
0.004308 0.277983
0.005123 0.277971
0.006009 0.277973
0.006964 0.277991
0.007989 0.277974
0.009082 0.277948
0.010245 0.277930
0.011475 0.277917
0.012774 0.277878
0.014141 0.277850
0.015575 0.277809
0.017075 0.277774
0.018643 0.277708
0.020276 0.277671
0.021974 0.277606
0.023737 0.277557
0.025565 0.277464
0.027458 0.277395
0.029414 0.277323
0.031433 0.277238
0.033515 0.277135
0.035659 0.277018
0.037865 0.276928
0.040131 0.276806
0.042457 0.276699
0.044844 0.276548
0.047290 0.276405
0.049795 0.276268
0.052357 0.276097
0.054977 0.275954
0.057654 0.275767
0.060388 0.275588
0.063178 0.275384
0.066022 0.275170
0.068921 0.274981
0.071873 0.274774
0.074880 0.274542
0.077938 0.274272
0.081049 0.274008
0.084210 0.273770
0.087423 0.273534
0.090687 0.273261
0.094000 0.272953
0.097361 0.272646
0.100771 0.272374
0.104228 0.272094
0.107733 0.271769
0.111284 0.271451
0.114881 0.271099
0.118523 0.270773
0.122210 0.270416
0.125942 0.270031
0.129716 0.269680
0.133534 0.269329
0.137393 0.268957
0.141294 0.268528
0.145238 0.268117
0.149221 0.267729
0.153244 0.267357
0.157306 0.266942
0.161407 0.266522
0.165548 0.266092
0.169725 0.265646
0.173940 0.265239
0.178191 0.264752
0.182480 0.264271
0.186803 0.263823
0.191161 0.263382
0.195554 0.262928
0.199981 0.262437
0.204443 0.261944
0.208936 0.261471
0.213463 0.261021
0.218021 0.260486
0.222611 0.259970
0.227234 0.259475
0.231886 0.258979
0.236568 0.258455
0.241280 0.257923
0.246022 0.257392
0.250793 0.256889
0.255592 0.256402
0.260419 0.255830
0.265274 0.255280
0.270156 0.254745
0.275066 0.254209
0.280001 0.253655
0.284962 0.253085
0.289949 0.252523
